group_dimension,group_value,feature,count,row_count,missing_percent,mean,std,min,median,max
all,all,rms_mean,184,184,0.0,0.07470765272228261,0.02144106924181335,0.0081161559,0.075966179,0.13272694
all,all,rms_std,184,184,0.0,0.044404979889673915,0.01602560108261566,0.0072705597,0.047462789500000005,0.079900146
all,all,rms_min,184,184,0.0,0.0052141864602597825,0.009363621437094771,6.040977e-06,3.6499312000000004e-05,0.036216114
all,all,rms_max,184,184,0.0,0.23544954304891305,0.08748824308905062,0.042510152,0.238840945,0.51738071
all,all,peak_amplitude,184,184,0.0,0.6498022390815217,0.1722241441415564,0.083914481,0.6146695600000001,1.2502007
all,all,mean_amplitude,184,184,0.0,0.055453839052173916,0.016573206370659878,0.0056968936,0.055292111500000005,0.1039311
all,all,std_amplitude,184,184,0.0,0.08746237685869565,0.024966621909701833,0.010899558,0.091504257,0.14870276
all,all,dc_offset,184,184,0.0,-2.9229728418152172e-05,8.128121393541365e-05,-0.0005474959,-3.9174465999999996e-05,0.00026503308
all,all,zero_crossing_rate_mean,184,184,0.0,0.14166232801086956,0.04058087999800488,0.07676511,0.133706655,0.27708478
all,all,zero_crossing_rate_std,184,184,0.0,0.09464748424456522,0.032300267269743985,0.022339043,0.098290812,0.14707221
all,all,clipping_ratio,184,184,0.0,9.45628870652174e-07,4.977104915205658e-06,0.0,0.0,5.3398408e-05
all,all,silence_ratio,184,184,0.0,0.010264153406576087,0.030485779413773024,0.0,0.00067705304,0.22760801
all,all,active_audio_ratio,184,184,0.0,0.9897358465760869,0.030485779524646237,0.77239199,0.9993229450000001,1.0
all,all,spectral_centroid_mean,184,184,0.0,1801.426644021739,365.88634941105795,1150.0774,1715.94585,2901.5211
all,all,spectral_centroid_std,184,184,0.0,825.6676779891304,282.97305776766734,193.87884,831.43961,1392.0796
all,all,spectral_bandwidth_mean,184,184,0.0,1643.437015217391,187.0607075867489,1172.9972,1613.9265500000001,2104.5818
all,all,spectral_bandwidth_std,184,184,0.0,384.00402722826084,99.90041756804331,139.44729,364.64293,602.86536
all,all,spectral_rolloff_mean,184,184,0.0,3440.6404076086956,683.965331771124,2091.2527,3256.8924500000003,5496.7981
all,all,spectral_rolloff_std,184,184,0.0,1404.0055370108694,388.6156216129536,548.62942,1342.8117,2204.7338
all,all,spectral_flatness_mean,184,184,0.0,0.03067782996847826,0.018448503256346293,0.0057626771,0.0248678105,0.084002348
all,all,spectral_flatness_std,184,184,0.0,0.03902287613043478,0.013752332239640255,0.008986141,0.039568059,0.070475149
all,all,spectral_contrast_mean,184,184,0.0,23.457916347826085,1.2342401202542133,20.878425,23.485837,26.330072
all,all,spectral_contrast_std,184,184,0.0,2.401868088043478,0.6649560580429601,1.2300761,2.4870741,3.6840373
all,all,low_band_energy_ratio,184,184,0.0,0.37923566825543475,0.22251158009002744,0.020898923,0.41801332,0.79914627
all,all,mid_band_energy_ratio,184,184,0.0,0.5568412972282609,0.19042669658548378,0.13194149,0.5542568800000001,0.95652348
all,all,high_band_energy_ratio,184,184,0.0,0.06392303449347826,0.09629784698132421,0.0010607217,0.027721192,0.42401452
all,all,very_high_band_energy_ratio,0,184,100.0,,,,,
all,all,noise_floor_proxy,184,184,0.0,0.016712317103043477,0.013747852641873608,6.406795e-05,0.0132571535,0.057283163
all,all,snr_proxy,184,184,0.0,120.14916753532607,412.6341689967624,2.0925825,10.825781,2580.3959
all,all,dynamic_range_proxy,184,184,0.0,0.23023535601630435,0.09189759479263238,0.042504109,0.237173945,0.51344258
all,all,spectral_entropy_mean,184,184,0.0,3.827994942391304,0.5476718324332648,2.8494973,3.69817615,5.1377983
all,all,spectral_entropy_std,184,184,0.0,0.9730602420652174,0.20469160920236687,0.47317399,1.0067754,1.4143083
all,all,high_freq_rolloff_ratio,184,184,0.0,0.4300800507608696,0.08549566648657457,0.26140658,0.407111565,0.68709976
all,all,bandwidth_occupied_95,184,184,0.0,0.33535368553804346,0.23000497372105605,0.057617188,0.26879883,0.87890625
all,all,mfcc_1_mean,184,184,0.0,-205.93150282608693,69.14324916966162,-535.99365,-199.241375,-83.571447
all,all,mfcc_1_std,184,184,0.0,68.93406994565217,42.80225616509039,12.826157,55.708031,181.30462
all,all,mfcc_2_mean,184,184,0.0,89.32726329347825,20.34149474610314,47.490559,89.64733100000001,135.66878
all,all,mfcc_2_std,184,184,0.0,42.24441464565217,17.50249329387494,9.7159998,40.233896,83.661896
all,all,mfcc_3_mean,184,184,0.0,-10.724040257391305,15.55582076482745,-38.922954,-12.498727500000001,44.28793
all,all,mfcc_3_std,184,184,0.0,25.652567811956523,8.27978259902611,8.2389884,24.612148,47.384611
all,all,mfcc_4_mean,184,184,0.0,19.295156139038045,14.18148968892352,-13.342414,21.7686705,48.469797
all,all,mfcc_4_std,184,184,0.0,23.889483960326086,6.987809814901421,6.7694813,25.002429499999998,39.986988
all,all,mfcc_5_mean,184,184,0.0,-4.046600317472826,14.132077013884485,-44.703555,-3.82034945,38.717143
all,all,mfcc_5_std,184,184,0.0,17.82756580543478,6.353645123689609,6.2529932,16.933166999999997,38.892261
all,all,mfcc_6_mean,184,184,0.0,-13.482147730103259,10.5767339919118,-44.169253,-12.9816785,16.289513
all,all,mfcc_6_std,184,184,0.0,15.15558902119565,4.351092582099864,5.1114742,15.550885,23.191459
all,all,mfcc_7_mean,184,184,0.0,-10.928167287869565,9.634605793845669,-33.123797,-9.5640583,4.3474154
all,all,mfcc_7_std,184,184,0.0,13.034701059782607,3.4040453867514135,6.4502188,12.891868500000001,21.921232
all,all,mfcc_8_mean,184,184,0.0,-12.756207615815217,8.128070548918426,-38.884605,-12.269592,6.5489502
all,all,mfcc_8_std,184,184,0.0,12.339592277173912,3.1064970444524636,5.6767954,11.9155275,20.988595
all,all,mfcc_9_mean,184,184,0.0,-10.004622939902173,6.925928882925317,-25.563544,-8.82671445,5.0407971
all,all,mfcc_9_std,184,184,0.0,10.933532576630435,2.6017766556901862,6.3343289,10.5977015,17.58244
all,all,mfcc_10_mean,184,184,0.0,-9.989902259836956,7.300448542008594,-29.328213,-8.839418949999999,5.4744477
all,all,mfcc_10_std,184,184,0.0,10.446950527173913,2.4208026676982324,5.6137251,10.385926999999999,16.081357
all,all,mfcc_11_mean,184,184,0.0,-11.33615895201087,5.700695982426975,-24.497701,-12.251571,2.2458763
all,all,mfcc_11_std,184,184,0.0,9.47319903152174,2.263913094402558,4.8258875,9.4107412,14.13295
all,all,mfcc_12_mean,184,184,0.0,-4.8491553231233695,4.335224444304386,-15.487954,-4.729573050000001,8.0458174
all,all,mfcc_12_std,184,184,0.0,8.741214833152174,1.9221733925628468,4.7210804,8.790084799999999,14.610997
all,all,mfcc_13_mean,184,184,0.0,-11.1550936,6.356506844989151,-25.820308,-11.731479,4.6483143
all,all,mfcc_13_std,184,184,0.0,8.328826896195652,1.7090776667033107,4.4411736,8.33855935,12.231103
known_origin_label,ai_synthetic,rms_mean,69,69,0.0,0.06762920520289854,0.014131422430620546,0.037730258,0.06756781,0.098795123
known_origin_label,ai_synthetic,rms_std,69,69,0.0,0.042844405855072466,0.018158311125012306,0.018477976,0.051678423,0.079900146
known_origin_label,ai_synthetic,rms_min,69,69,0.0,0.006468320559333334,0.009452042431036976,1.2756203e-05,3.5718451e-05,0.023279246
known_origin_label,ai_synthetic,rms_max,69,69,0.0,0.21598440565217392,0.08750853220309572,0.10740673,0.24183579,0.43443987
known_origin_label,ai_synthetic,peak_amplitude,69,69,0.0,0.6204170221739131,0.13614050554180626,0.40686363,0.62140357,0.9005335
known_origin_label,ai_synthetic,mean_amplitude,69,69,0.0,0.04987513713043479,0.010314622551045285,0.027145951,0.050009455,0.075018499
known_origin_label,ai_synthetic,std_amplitude,69,69,0.0,0.08071863728985505,0.02060567981263508,0.045491031,0.086577546,0.12136306
known_origin_label,ai_synthetic,dc_offset,69,69,0.0,-2.9209641049275364e-05,9.360498329482633e-05,-0.0005474959,-4.4189275e-05,0.00018576583
known_origin_label,ai_synthetic,zero_crossing_rate_mean,69,69,0.0,0.16852643666666667,0.04659436236798509,0.10340875,0.1500545,0.27708478
known_origin_label,ai_synthetic,zero_crossing_rate_std,69,69,0.0,0.10762108537681159,0.027886627314051032,0.049915108,0.11780952,0.14707221
known_origin_label,ai_synthetic,clipping_ratio,69,69,0.0,0.0,0.0,0.0,0.0,0.0
known_origin_label,ai_synthetic,silence_ratio,69,69,0.0,0.013118261106231884,0.03711033432834499,0.0,0.00057770075,0.22760801
known_origin_label,ai_synthetic,active_audio_ratio,69,69,0.0,0.9868817384057972,0.03711033426890785,0.77239199,0.9994223,1.0
known_origin_label,ai_synthetic,spectral_centroid_mean,69,69,0.0,2018.729389855072,403.6236242277357,1502.8252,1896.3357,2901.5211
known_origin_label,ai_synthetic,spectral_centroid_std,69,69,0.0,910.9901250724638,256.78997467264577,440.71498,941.2156,1392.0796
known_origin_label,ai_synthetic,spectral_bandwidth_mean,69,69,0.0,1721.2689753623188,176.1604230784838,1485.2193,1647.268,2104.5818
known_origin_label,ai_synthetic,spectral_bandwidth_std,69,69,0.0,362.39004289855075,97.65922294598113,214.28569,345.02669,578.71754
known_origin_label,ai_synthetic,spectral_rolloff_mean,69,69,0.0,3791.9567869565217,753.9617670604306,2853.1856,3590.9797,5496.7981
known_origin_label,ai_synthetic,spectral_rolloff_std,69,69,0.0,1393.6987636231884,382.7892716743154,791.59005,1269.968,2195.5815
known_origin_label,ai_synthetic,spectral_flatness_mean,69,69,0.0,0.041797518202898544,0.021344782092747944,0.011035406,0.032295364,0.084002348
known_origin_label,ai_synthetic,spectral_flatness_std,69,69,0.0,0.045124390985507246,0.012210315307379137,0.021419574,0.045254407,0.070475149
known_origin_label,ai_synthetic,spectral_contrast_mean,69,69,0.0,22.995807420289857,1.2007299984429132,20.878425,23.09326,25.362258
known_origin_label,ai_synthetic,spectral_contrast_std,69,69,0.0,2.30171799710145,0.6977362494227781,1.2300761,2.3666681,3.6840373
known_origin_label,ai_synthetic,low_band_energy_ratio,69,69,0.0,0.38425669798550727,0.24705418993645656,0.047651908,0.44640701,0.79914627
known_origin_label,ai_synthetic,mid_band_energy_ratio,69,69,0.0,0.4913554075362319,0.14990372641033983,0.13194149,0.5148867,0.76642702
known_origin_label,ai_synthetic,high_band_energy_ratio,69,69,0.0,0.12438789483043479,0.13385086642678634,0.0069060756,0.044725898,0.42401452
known_origin_label,ai_synthetic,very_high_band_energy_ratio,0,69,100.0,,,,,
known_origin_label,ai_synthetic,noise_floor_proxy,69,69,0.0,0.01391974373652174,0.011514892231502646,6.406795e-05,0.010464706,0.031862605
known_origin_label,ai_synthetic,snr_proxy,69,69,0.0,163.8900387173913,489.3961745421873,2.7051788,14.87443,2580.3959
known_origin_label,ai_synthetic,dynamic_range_proxy,69,69,0.0,0.20951608337681157,0.0944219017365239,0.084127486,0.24169523,0.43442503
known_origin_label,ai_synthetic,spectral_entropy_mean,69,69,0.0,4.159479295652175,0.6066700131114405,2.9994782,4.0118191,5.1377983
known_origin_label,ai_synthetic,spectral_entropy_std,69,69,0.0,0.9342275826086957,0.26142480763412873,0.47317399,1.0127359,1.4143083
known_origin_label,ai_synthetic,high_freq_rolloff_ratio,69,69,0.0,0.4739945982608695,0.09424522087039361,0.3566482,0.44887247,0.68709976
known_origin_label,ai_synthetic,bandwidth_occupied_95,69,69,0.0,0.4762582089855073,0.26016834563262164,0.15429688,0.33642578,0.87890625
known_origin_label,ai_synthetic,mfcc_1_mean,69,69,0.0,-199.1012888405797,64.64887780557966,-339.61321,-196.48366,-118.22079
known_origin_label,ai_synthetic,mfcc_1_std,69,69,0.0,72.98814305797102,47.52801765966274,25.262679,54.185222,181.30462
known_origin_label,ai_synthetic,mfcc_2_mean,69,69,0.0,78.17143972463766,18.891889248456565,47.490559,72.319247,110.43767
known_origin_label,ai_synthetic,mfcc_2_std,69,69,0.0,46.15180110144927,16.48864942182766,25.482865,41.44975,83.661896
known_origin_label,ai_synthetic,mfcc_3_mean,69,69,0.0,-10.24682840884058,13.85543912862728,-38.922954,-13.408725,22.501767
known_origin_label,ai_synthetic,mfcc_3_std,69,69,0.0,27.106700710144928,7.1289743036765225,16.64859,24.965557,47.384611
known_origin_label,ai_synthetic,mfcc_4_mean,69,69,0.0,16.66938787984058,13.714206058683265,-8.5189092,22.35813,35.313782
known_origin_label,ai_synthetic,mfcc_4_std,69,69,0.0,24.45033410144928,6.185760254589239,14.336316,25.911771,36.232631
known_origin_label,ai_synthetic,mfcc_5_mean,69,69,0.0,-2.4118452236956527,14.299382190853617,-23.29588,-3.7162726,38.717143
known_origin_label,ai_synthetic,mfcc_5_std,69,69,0.0,18.230502695652174,5.1776754642828955,10.191089,17.402434,29.094131
known_origin_label,ai_synthetic,mfcc_6_mean,69,69,0.0,-11.293855881869566,9.298025695237648,-28.69497,-9.5989843,4.1086994
known_origin_label,ai_synthetic,mfcc_6_std,69,69,0.0,15.700658449275362,3.648608799323568,9.3801522,16.179562,22.177445
known_origin_label,ai_synthetic,mfcc_7_mean,69,69,0.0,-11.443822562463767,10.17464827332013,-31.599144,-10.792019,4.3474154
known_origin_label,ai_synthetic,mfcc_7_std,69,69,0.0,13.300861476811594,3.3365499351993764,8.0406413,13.048989,21.21363
known_origin_label,ai_synthetic,mfcc_8_mean,69,69,0.0,-11.67719717289855,6.781441458939541,-24.367303,-11.398408,3.3651897
known_origin_label,ai_synthetic,mfcc_8_std,69,69,0.0,12.362354402898552,2.9049911960463093,7.9405224,11.587243,20.988595
known_origin_label,ai_synthetic,mfcc_9_mean,69,69,0.0,-10.042243531623189,8.128253891720233,-23.835835,-7.4715439,4.6239398
known_origin_label,ai_synthetic,mfcc_9_std,69,69,0.0,11.04369230289855,2.599473251578737,7.0191028,10.240633,17.58244
known_origin_label,ai_synthetic,mfcc_10_mean,69,69,0.0,-8.270910135362318,6.643712008900895,-21.78598,-7.0557057,5.4744477
known_origin_label,ai_synthetic,mfcc_10_std,69,69,0.0,10.479097720289856,2.2943732610495657,6.2492167,10.3074,15.241338
known_origin_label,ai_synthetic,mfcc_11_mean,69,69,0.0,-13.918826893623189,5.808450376027038,-22.73914,-15.333658,0.98617204
known_origin_label,ai_synthetic,mfcc_11_std,69,69,0.0,10.195152842028984,2.1104922172490888,6.9655343,10.089097,14.123128
known_origin_label,ai_synthetic,mfcc_12_mean,69,69,0.0,-3.8645529031884056,4.335853349675094,-13.020374,-4.0853678,8.0458174
known_origin_label,ai_synthetic,mfcc_12_std,69,69,0.0,9.147791004347827,1.6581544798034085,6.2589396,8.9078298,14.610997
known_origin_label,ai_synthetic,mfcc_13_mean,69,69,0.0,-12.842999405797103,6.113788192172269,-22.464143,-14.323636,4.6483143
known_origin_label,ai_synthetic,mfcc_13_std,69,69,0.0,8.538595933333333,1.65707907737495,5.7711474,8.5912562,12.231103
known_origin_label,human,rms_mean,69,69,0.0,0.08542947978115943,0.024575712846509067,0.0081161559,0.089116298,0.13272694
known_origin_label,human,rms_std,69,69,0.0,0.04389302258985508,0.015168559320856818,0.0072705597,0.045195322,0.074062563
known_origin_label,human,rms_min,69,69,0.0,0.007333643116565218,0.01108660978927702,6.040977e-06,5.3203508e-05,0.036216114
known_origin_label,human,rms_max,69,69,0.0,0.23803006349275363,0.08254311919373909,0.042510152,0.22771025,0.51738071
known_origin_label,human,peak_amplitude,69,69,0.0,0.6101935218985506,0.17310347810679988,0.083914481,0.57371777,1.2502007
known_origin_label,human,mean_amplitude,69,69,0.0,0.06466477812463768,0.019095348220983188,0.0056968936,0.066409348,0.1039311
known_origin_label,human,std_amplitude,69,69,0.0,0.09635380234782608,0.02792898015899871,0.010899558,0.10052213,0.14870276
known_origin_label,human,dc_offset,69,69,0.0,-4.226212231362319e-05,3.5349796439372253e-05,-0.00019965098,-4.7367915e-05,0.00011519556
known_origin_label,human,zero_crossing_rate_mean,69,69,0.0,0.12373799650724637,0.029153099471677633,0.07676511,0.11510426,0.20109345
known_origin_label,human,zero_crossing_rate_std,69,69,0.0,0.07012050785507247,0.027588259157343045,0.022339043,0.063001809,0.14464721
known_origin_label,human,clipping_ratio,69,69,0.0,1.7044447579710146e-06,7.405297440902038e-06,0.0,0.0,5.3398408e-05
known_origin_label,human,silence_ratio,69,69,0.0,0.0009314155508695652,0.0020797523363983808,0.0,0.00066755674,0.015296367
known_origin_label,human,active_audio_ratio,69,69,0.0,0.9990685847826086,0.002079752374262801,0.98470363,0.99933244,1.0
known_origin_label,human,spectral_centroid_mean,69,69,0.0,1644.4618536231883,298.8304779482176,1150.0774,1614.1287,2328.5446
known_origin_label,human,spectral_centroid_std,69,69,0.0,609.6241653623188,217.1816255689792,193.87884,558.05995,1331.3367
known_origin_label,human,spectral_bandwidth_mean,69,69,0.0,1594.9793565217392,195.18717680097217,1172.9972,1600.5187,1950.5957
known_origin_label,human,spectral_bandwidth_std,69,69,0.0,349.697177826087,89.50764474000654,139.44729,328.10585,602.86536
known_origin_label,human,spectral_rolloff_mean,69,69,0.0,3208.8755086956526,612.9882128249952,2091.2527,3150.7463,4663.8512
known_origin_label,human,spectral_rolloff_std,69,69,0.0,1194.8427089855072,332.914117940709,548.62942,1183.7547,2204.7338
known_origin_label,human,spectral_flatness_mean,69,69,0.0,0.02253703893043478,0.013992962525413375,0.0057626771,0.017374222,0.059933948
known_origin_label,human,spectral_flatness_std,69,69,0.0,0.028665087710144928,0.010439447591042457,0.008986141,0.02730966,0.055391773
known_origin_label,human,spectral_contrast_mean,69,69,0.0,23.851752014492757,1.2718996793647992,21.182255,24.155936,26.330072
known_origin_label,human,spectral_contrast_std,69,69,0.0,2.203054410144927,0.6200415409314067,1.2397459,2.1470663,3.5197504
known_origin_label,human,low_band_energy_ratio,69,69,0.0,0.306573126347826,0.2182413444581064,0.020898923,0.32860141,0.70544836
known_origin_label,human,mid_band_energy_ratio,69,69,0.0,0.6673544110144927,0.20321540005892,0.29118593,0.65766818,0.95652348
known_origin_label,human,high_band_energy_ratio,69,69,0.0,0.026072462815942027,0.029080995242504033,0.0010607217,0.014158818,0.15088473
known_origin_label,human,very_high_band_energy_ratio,0,69,100.0,,,,,
known_origin_label,human,noise_floor_proxy,69,69,0.0,0.02580725947,0.013656781869022612,0.00018229893,0.026213331,0.057283163
known_origin_label,human,snr_proxy,69,69,0.0,8.888841475362321,12.102408062081246,2.0925825,6.3884086,98.174604
known_origin_label,human,dynamic_range_proxy,69,69,0.0,0.23069642078260869,0.08646245820684328,0.042504109,0.21478997,0.51344258
known_origin_label,human,spectral_entropy_mean,69,69,0.0,3.664316691304348,0.464900564034434,2.8494973,3.5790742,4.6975934
known_origin_label,human,spectral_entropy_std,69,69,0.0,0.9305681627536232,0.1466907864101156,0.56824382,0.92827504,1.2992641
known_origin_label,human,high_freq_rolloff_ratio,69,69,0.0,0.4011094379710145,0.07662352620338746,0.26140658,0.39384329,0.5829814
known_origin_label,human,bandwidth_occupied_95,69,69,0.0,0.24632727582608693,0.1708934026495972,0.057617188,0.23291016,0.81787109
known_origin_label,human,mfcc_1_mean,69,69,0.0,-179.0833286956522,67.62859795519348,-535.99365,-180.44791,-83.571447
known_origin_label,human,mfcc_1_std,69,69,0.0,40.367294811594206,19.46246413900326,12.826157,36.844862,101.00628
known_origin_label,human,mfcc_2_mean,69,69,0.0,99.84640347826088,17.73076845544597,59.595642,99.310095,135.66878
known_origin_label,human,mfcc_2_std,69,69,0.0,28.94372156231884,11.018613209818582,9.7159998,26.544457,61.955213
known_origin_label,human,mfcc_3_mean,69,69,0.0,-18.15520793768116,14.97179221432063,-38.837222,-20.004925,44.28793
known_origin_label,human,mfcc_3_std,69,69,0.0,20.008866817391304,7.009464352387277,8.2389884,17.378015,40.442589
known_origin_label,human,mfcc_4_mean,69,69,0.0,19.416133963391307,17.09980839006877,-13.342414,21.378166,48.469797
known_origin_label,human,mfcc_4_std,69,69,0.0,20.312266894202903,7.161226339514826,6.7694813,19.52758,39.986988
known_origin_label,human,mfcc_5_mean,69,69,0.0,-9.49032840405797,12.362155425157125,-44.703555,-8.367851,11.322937
known_origin_label,human,mfcc_5_std,69,69,0.0,13.821875104347827,4.921435952138076,6.2529932,12.6084,28.94284
known_origin_label,human,mfcc_6_mean,69,69,0.0,-19.471003878260877,10.588883620339722,-44.169253,-17.927957,16.289513
known_origin_label,human,mfcc_6_std,69,69,0.0,12.848802155072466,4.591037776719271,5.1114742,12.067899,23.191459
known_origin_label,human,mfcc_7_mean,69,69,0.0,-12.834612977623186,9.886033009586892,-33.123797,-12.617165,4.1284302
known_origin_label,human,mfcc_7_std,69,69,0.0,11.05624302173913,2.7659933790326057,6.4502188,10.486059,17.68756
known_origin_label,human,mfcc_8_mean,69,69,0.0,-16.46700472782609,8.84850206188399,-38.884605,-16.836841,6.5489502
known_origin_label,human,mfcc_8_std,69,69,0.0,10.608505828985505,2.6641706362629742,5.6767954,10.174594,16.515135
known_origin_label,human,mfcc_9_mean,69,69,0.0,-11.428852793623188,6.78042481090714,-25.563544,-12.089543,5.0407971
known_origin_label,human,mfcc_9_std,69,69,0.0,9.641631363768115,2.281505418928428,6.3343289,9.0447769,14.662996
known_origin_label,human,mfcc_10_mean,69,69,0.0,-13.19053316594203,7.721835384871791,-29.328213,-12.963737,1.1941082
known_origin_label,human,mfcc_10_std,69,69,0.0,9.016312113043478,1.8278494297285242,5.6137251,8.8989511,14.343995
known_origin_label,human,mfcc_11_mean,69,69,0.0,-11.348291778260869,5.0370108146844075,-24.497701,-12.13494,2.2458763
known_origin_label,human,mfcc_11_std,69,69,0.0,7.90021941884058,1.7521533640480687,4.8258875,7.7592942,12.443134
known_origin_label,human,mfcc_12_mean,69,69,0.0,-6.336824291227536,4.208375356628297,-15.487954,-6.0000547,4.8624228
known_origin_label,human,mfcc_12_std,69,69,0.0,7.471025433333335,1.719468865619496,4.7210804,7.494528,11.752476
known_origin_label,human,mfcc_13_mean,69,69,0.0,-12.504866759130433,6.3132628737161856,-25.820308,-13.003722,3.9043557
known_origin_label,human,mfcc_13_std,69,69,0.0,7.2198870101449275,1.366155728690833,4.4411736,7.2944963,10.459372
known_origin_label,mixed,rms_mean,46,46,0.0,0.06924258341304347,0.01927372001916225,0.017654095,0.072975174,0.11251421
known_origin_label,mixed,rms_std,46,46,0.0,0.04751377689130436,0.013581275975797811,0.025587024,0.0480760355,0.073759228
known_origin_label,mixed,rms_min,46,46,0.0,0.00015380032719130435,0.0005824278221867258,6.040977e-06,2.6837044e-05,0.0037930503
known_origin_label,mixed,rms_max,46,46,0.0,0.26077646847826086,0.08951374292723312,0.12111355,0.24241162,0.5018422
known_origin_label,mixed,peak_amplitude,46,46,0.0,0.7532931402173915,0.18071140882738057,0.4120549,0.76378283,1.2477136
known_origin_label,mixed,mean_amplitude,46,46,0.0,0.05000548332608695,0.014038240510885308,0.012760091,0.0521547435,0.081438792
known_origin_label,mixed,std_amplitude,46,46,0.0,0.08424084797826085,0.02264957849846273,0.031737938,0.08703738,0.13120332
known_origin_label,mixed,dc_offset,46,46,0.0,-9.71126862826087e-06,0.00010530257191808287,-0.0004537461,-3.3409641e-06,0.00026503308
known_origin_label,mixed,zero_crossing_rate_mean,46,46,0.0,0.12825266228260868,0.018682137779697492,0.097927761,0.12852806,0.16785359
known_origin_label,mixed,zero_crossing_rate_std,46,46,0.0,0.11197754713043477,0.02073699553343414,0.06900654,0.11750770499999999,0.14093482
known_origin_label,mixed,clipping_ratio,46,46,0.0,1.225848345652174e-06,3.941634014395547e-06,0.0,0.0,1.9768545e-05
known_origin_label,mixed,silence_ratio,46,46,0.0,0.019982098640652174,0.0380697457102239,0.0,0.00408231035,0.19908046
known_origin_label,mixed,active_audio_ratio,46,46,0.0,0.9800179015217391,0.03806974601664051,0.80091954,0.99591769,1.0
known_origin_label,mixed,spectral_centroid_mean,46,46,0.0,1710.9197108695653,211.51783852964607,1289.4223,1716.6497,2142.6557
known_origin_label,mixed,spectral_centroid_std,46,46,0.0,1021.7492763043479,180.7763884879205,626.41695,1053.4072999999999,1312.0454
known_origin_label,mixed,spectral_bandwidth_mean,46,46,0.0,1599.3755630434778,151.5322182287675,1259.0883,1605.37095,1937.5867
known_origin_label,mixed,spectral_bandwidth_std,46,46,0.0,467.8852778260869,65.98408837277653,334.97011,468.6627,588.36846
known_origin_label,mixed,spectral_rolloff_mean,46,46,0.0,3261.3131869565223,413.67403318244374,2378.9997,3256.8924500000003,4087.9006
known_origin_label,mixed,spectral_rolloff_std,46,46,0.0,1733.2099391304346,217.3226556841902,1190.6925,1769.9211500000001,2135.1683
known_origin_label,mixed,spectral_flatness_mean,46,46,0.0,0.026209484173913045,0.009387045720146819,0.010863357,0.0230635035,0.049741641
known_origin_label,mixed,spectral_flatness_std,46,46,0.0,0.045407286478260867,0.010764978574920139,0.025627876,0.0436884085,0.067940558
known_origin_label,mixed,spectral_contrast_mean,46,46,0.0,23.560326239130433,0.9978722579225188,21.297622,23.589388,25.728302
known_origin_label,mixed,spectral_contrast_std,46,46,0.0,2.8503137413043476,0.44718252421183585,1.7991077,2.819963,3.615486
known_origin_label,mixed,low_band_energy_ratio,46,46,0.0,0.4806979365217392,0.13595447256708176,0.20330173,0.481623415,0.75545283
known_origin_label,mixed,mid_band_energy_ratio,46,46,0.0,0.4893004610869566,0.14540052779101384,0.19934394,0.48265329,0.77022536
known_origin_label,mixed,high_band_energy_ratio,46,46,0.0,0.03000160150434782,0.019528539488698662,0.0019222265,0.026056873,0.082845067
known_origin_label,mixed,very_high_band_energy_ratio,0,46,100.0,,,,,
known_origin_label,mixed,noise_floor_proxy,46,46,0.0,0.007258763602391305,0.0075013520345354944,6.5301334e-05,0.005070770400000001,0.030189436
known_origin_label,mixed,snr_proxy,46,46,0.0,221.4283498521739,545.7778791092062,4.2239308,23.575581,2544.0926
known_origin_label,mixed,dynamic_range_proxy,46,46,0.0,0.2606226678260869,0.08928719478858374,0.1211075,0.24239276999999998,0.49804914
known_origin_label,mixed,spectral_entropy_mean,46,46,0.0,3.576285789130435,0.25036317749346115,3.093994,3.5609555000000004,4.0667566
known_origin_label,mixed,spectral_entropy_std,46,46,0.0,1.0950473502173912,0.1196052285605354,0.87721674,1.1064017000000002,1.3507552
known_origin_label,mixed,high_freq_rolloff_ratio,46,46,0.0,0.40766414869565226,0.05170925493538521,0.29737496,0.407111565,0.51098757
known_origin_label,mixed,bandwidth_occupied_95,46,46,0.0,0.25753651493478263,0.14119297327867178,0.076171875,0.236816405,0.71630859
known_origin_label,mixed,mfcc_1_mean,46,46,0.0,-256.449085,49.28921192393811,-467.20757,-259.1198,-157.23858
known_origin_label,mixed,mfcc_1_std,46,46,0.0,105.7031229782609,28.388542588795335,62.269145,101.5790245,170.66291
known_origin_label,mixed,mfcc_2_mean,46,46,0.0,90.28228836956524,17.51800066804975,60.686487,87.4037515,125.22824
known_origin_label,mixed,mfcc_2_std,46,46,0.0,56.33437458695652,12.404230241402027,26.316857,56.051693,80.922295
known_origin_label,mixed,mfcc_3_mean,46,46,0.0,-0.29310650978260855,12.60974376490988,-32.512104,-1.9224449,31.298221
known_origin_label,mixed,mfcc_3_std,46,46,0.0,31.936919956521745,5.940952429186268,20.99301,32.9689355,44.200403
known_origin_label,mixed,mfcc_4_mean,46,46,0.0,23.052341791304347,8.171830088942931,6.4526754,22.5807795,43.058535
known_origin_label,mixed,mfcc_4_std,46,46,0.0,28.414034347826085,4.714660477656454,17.01167,29.264277,39.729149
known_origin_label,mixed,mfcc_5_mean,46,46,0.0,1.6668591717391303,13.7607479240281,-37.414584,1.808295105,28.814109
known_origin_label,mixed,mfcc_5_std,46,46,0.0,23.23169652173913,5.6877456630015395,12.073657,22.782528499999998,38.892261
known_origin_label,mixed,mfcc_6_mean,46,46,0.0,-7.781301280217393,7.700288342767751,-31.254023,-6.15658265,13.182259
known_origin_label,mixed,mfcc_6_std,46,46,0.0,17.79816517826087,3.0446459562934893,9.4292022,18.5504885,23.076534
known_origin_label,mixed,mfcc_7_mean,46,46,0.0,-7.295015841347826,7.341337763393931,-25.043614,-6.11716265,2.7691378
known_origin_label,mixed,mfcc_7_std,46,46,0.0,15.603147491304348,2.4258836957892456,9.7346416,15.567878499999999,21.921232
known_origin_label,mixed,mfcc_8_mean,46,46,0.0,-8.808527612173915,6.483049753980141,-22.551782,-8.922513299999999,5.1566861
known_origin_label,mixed,mfcc_8_std,46,46,0.0,14.902078760869566,2.1116159500318044,10.889819,15.0464335,20.199266
known_origin_label,mixed,mfcc_9_mean,46,46,0.0,-7.811847271739128,4.211340699386462,-18.895576,-7.011425,3.2013325
known_origin_label,mixed,mfcc_9_std,46,46,0.0,12.70614480652174,1.9135848210214124,8.7319976,12.981230499999999,16.939765
known_origin_label,mixed,mfcc_10_mean,46,46,0.0,-7.767444087391306,5.886455968400006,-19.225978,-7.99938285,3.6602081
known_origin_label,mixed,mfcc_10_std,46,46,0.0,12.54468735869565,1.7861283734725655,8.342492,12.8625235,16.081357
known_origin_label,mixed,mfcc_11_mean,46,46,0.0,-7.44395780021739,4.138046562853409,-13.955705,-7.6379783,1.1725479
known_origin_label,mixed,mfcc_11_std,46,46,0.0,10.74973773478261,1.792799548431979,6.729707,10.763837500000001,14.13295
known_origin_label,mixed,mfcc_12_mean,46,46,0.0,-4.094555500869565,3.9745223158200007,-13.809215,-4.740194150000001,7.589591
known_origin_label,mixed,mfcc_12_std,46,46,0.0,10.036634676086958,1.4000438417314505,7.2593245,9.9146571,14.21127
known_origin_label,mixed,mfcc_13_mean,46,46,0.0,-6.598575152608696,4.383762940843744,-17.116668,-6.68969555,2.4786697
known_origin_label,mixed,mfcc_13_std,46,46,0.0,9.677583169565219,1.0469841473218429,7.8027475,9.52932675,11.813617
known_manipulation_labels,clean,rms_mean,46,46,0.0,0.07045808310652175,0.022549832123426004,0.0081161559,0.0738006125,0.1163263
known_manipulation_labels,clean,rms_std,46,46,0.0,0.046492423863043475,0.01679678947280416,0.0072705597,0.048524287,0.079900146
known_manipulation_labels,clean,rms_min,46,46,0.0,0.0001829792734347826,0.0006104417282468094,6.040977e-06,3.121818e-05,0.003938125
known_manipulation_labels,clean,rms_max,46,46,0.0,0.23884894458695652,0.10739051124532645,0.042510152,0.23874456,0.51738071
known_manipulation_labels,clean,peak_amplitude,46,46,0.0,0.6969612261086956,0.22242677374583825,0.083914481,0.744681895,1.2502007
known_manipulation_labels,clean,mean_amplitude,46,46,0.0,0.05092803146956522,0.01641337768040942,0.0056968936,0.052474614,0.084599372
known_manipulation_labels,clean,std_amplitude,46,46,0.0,0.08473236689130434,0.027190403106811444,0.010899558,0.0893725145,0.13423298
known_manipulation_labels,clean,dc_offset,46,46,0.0,-1.291044147913043e-05,0.00011948091373030769,-0.0005474959,-1.52342582e-06,0.00018576583
known_manipulation_labels,clean,zero_crossing_rate_mean,46,46,0.0,0.12792900219565218,0.024915566717479312,0.084474943,0.128680415,0.17693265
known_manipulation_labels,clean,zero_crossing_rate_std,46,46,0.0,0.10813080563043478,0.0311127496769021,0.045297767,0.11744284499999999,0.14707221
known_manipulation_labels,clean,clipping_ratio,46,46,0.0,2.556667136956522e-06,8.979960654593368e-06,0.0,0.0,5.3398408e-05
known_manipulation_labels,clean,silence_ratio,46,46,0.0,0.020354064413260868,0.04391656514928122,0.0,0.00143654195,0.22760801
known_manipulation_labels,clean,active_audio_ratio,46,46,0.0,0.9796459358695649,0.04391656541415873,0.77239199,0.99856346,1.0
known_manipulation_labels,clean,spectral_centroid_mean,46,46,0.0,1706.1940021739135,278.21024611134374,1150.0774,1711.9688999999998,2173.4543
known_manipulation_labels,clean,spectral_centroid_std,46,46,0.0,988.7895073913044,265.52260591048866,446.99316,1066.29645,1392.0796
known_manipulation_labels,clean,spectral_bandwidth_mean,46,46,0.0,1593.5734347826087,185.21052662445658,1172.9972,1601.4101500000002,1981.1371
known_manipulation_labels,clean,spectral_bandwidth_std,46,46,0.0,456.6691395652174,76.35855590394226,292.9312,460.50337,602.86536
known_manipulation_labels,clean,spectral_rolloff_mean,46,46,0.0,3249.7007239130435,521.3678729275717,2091.2527,3257.8,4197.6587
known_manipulation_labels,clean,spectral_rolloff_std,46,46,0.0,1693.0920923913043,299.143794317336,991.68585,1747.12195,2204.7338
known_manipulation_labels,clean,spectral_flatness_mean,46,46,0.0,0.025798863128260876,0.012109475539606805,0.0072443086,0.0238192075,0.054577216
known_manipulation_labels,clean,spectral_flatness_std,46,46,0.0,0.04341744839130434,0.013894900372751264,0.021419574,0.043372429,0.070475149
known_manipulation_labels,clean,spectral_contrast_mean,46,46,0.0,23.607010934782608,1.1517782258559328,20.878425,23.7235505,25.752047
known_manipulation_labels,clean,spectral_contrast_std,46,46,0.0,2.795767289130435,0.5018618865281351,1.5715762,2.7403639,3.6840373
known_manipulation_labels,clean,low_band_energy_ratio,46,46,0.0,0.47937870304347824,0.16959388345261434,0.14632075,0.452764765,0.79914627
known_manipulation_labels,clean,mid_band_energy_ratio,46,46,0.0,0.4916355802173913,0.18263804872995482,0.13194149,0.5189389950000001,0.83815573
known_manipulation_labels,clean,high_band_energy_ratio,46,46,0.0,0.028985717115217385,0.022773039304132624,0.001128361,0.023650259,0.090426012
known_manipulation_labels,clean,very_high_band_energy_ratio,0,46,100.0,,,,,
known_manipulation_labels,clean,noise_floor_proxy,46,46,0.0,0.008169600898913042,0.00894659357841827,6.406795e-05,0.0045970336,0.032049149
known_manipulation_labels,clean,snr_proxy,46,46,0.0,244.402228676087,584.9991064786254,3.8768278,25.6518905,2580.3959
known_manipulation_labels,clean,dynamic_range_proxy,46,46,0.0,0.23866596484782607,0.10714467091816537,0.042504109,0.238007455,0.51344258
known_manipulation_labels,clean,spectral_entropy_mean,46,46,0.0,3.5668288956521734,0.2940852402414586,2.9994782,3.5641679,4.1362052
known_manipulation_labels,clean,spectral_entropy_std,46,46,0.0,1.0809729789130436,0.1545854037669022,0.81443519,1.0834025,1.4143083
known_manipulation_labels,clean,high_freq_rolloff_ratio,46,46,0.0,0.40621259021739137,0.06517098450430342,0.26140658,0.407225,0.52470734
known_manipulation_labels,clean,bandwidth_occupied_95,46,46,0.0,0.26143215073913045,0.16119719905248842,0.072753906,0.229003905,0.74316406
known_manipulation_labels,clean,mfcc_1_mean,46,46,0.0,-257.0095286956522,62.07469561930739,-535.99365,-258.016165,-131.32612
known_manipulation_labels,clean,mfcc_1_std,46,46,0.0,97.78870945652174,42.90758125827344,29.174862,98.6570515,181.30462
known_manipulation_labels,clean,mfcc_2_mean,46,46,0.0,91.25183754347826,23.122572279424084,54.774456,86.12565900000001,135.66878
known_manipulation_labels,clean,mfcc_2_std,46,46,0.0,53.13205686956521,16.984497393911443,22.24067,51.873109,83.661896
known_manipulation_labels,clean,mfcc_3_mean,46,46,0.0,-0.41710358934782615,15.618312696963697,-38.837222,-1.6397057,44.28793
known_manipulation_labels,clean,mfcc_3_std,46,46,0.0,30.99264545652174,8.042948326110777,15.50188,30.2899975,47.384611
known_manipulation_labels,clean,mfcc_4_mean,46,46,0.0,23.42509190869565,9.553235192665348,2.8683428,22.455295,47.639821
known_manipulation_labels,clean,mfcc_4_std,46,46,0.0,28.190007173913045,5.5416389564409565,12.583776,29.347686500000002,39.986988
known_manipulation_labels,clean,mfcc_5_mean,46,46,0.0,1.3488174928260874,17.170836467426636,-44.703555,1.5747338000000002,38.717143
known_manipulation_labels,clean,mfcc_5_std,46,46,0.0,20.85306598043478,5.343752688184267,7.6557311,22.123144500000002,29.094131
known_manipulation_labels,clean,mfcc_6_mean,46,46,0.0,-7.752543498891305,9.57044250029258,-34.69605,-5.71171335,16.289513
known_manipulation_labels,clean,mfcc_6_std,46,46,0.0,16.973772306521738,3.983900356984885,6.5532393,18.2016675,22.886814
known_manipulation_labels,clean,mfcc_7_mean,46,46,0.0,-7.590582142652175,8.593183464456065,-29.272377,-6.0993856,4.3474154
known_manipulation_labels,clean,mfcc_7_std,46,46,0.0,15.136327763043477,2.9799745806252274,7.6177781,15.6511575,21.21363
known_manipulation_labels,clean,mfcc_8_mean,46,46,0.0,-8.687820333695651,7.96039031419604,-26.424063,-7.61552695,6.5489502
known_manipulation_labels,clean,mfcc_8_std,46,46,0.0,14.179103482608696,2.712722018075276,8.4582488,14.6034365,20.988595
known_manipulation_labels,clean,mfcc_9_mean,46,46,0.0,-8.115747654130434,4.958890091409349,-21.136569,-7.6742946,5.0407971
known_manipulation_labels,clean,mfcc_9_std,46,46,0.0,12.498370032608697,2.4494297854362674,7.0733267,13.0896115,17.58244
known_manipulation_labels,clean,mfcc_10_mean,46,46,0.0,-7.798483472608695,7.440326991905555,-24.046895,-7.42268285,5.4744477
known_manipulation_labels,clean,mfcc_10_std,46,46,0.0,11.667019169565215,1.9711824144274042,7.0487927,11.520094499999999,15.241338
known_manipulation_labels,clean,mfcc_11_mean,46,46,0.0,-7.431670455652174,4.9085728239165105,-15.808912,-7.20141955,2.2458763
known_manipulation_labels,clean,mfcc_11_std,46,46,0.0,10.541159773913046,2.1387629826909555,5.7403087,10.3199025,14.123128
known_manipulation_labels,clean,mfcc_12_mean,46,46,0.0,-4.12665393118913,4.7209806517219475,-15.487954,-4.56465635,8.0458174
known_manipulation_labels,clean,mfcc_12_std,46,46,0.0,9.811788556521737,1.7627128651602715,5.2820296,9.9609245,14.610997
known_manipulation_labels,clean,mfcc_13_mean,46,46,0.0,-6.495289099565216,5.430641178881538,-19.810115,-6.3579545500000005,4.6483143
known_manipulation_labels,clean,mfcc_13_std,46,46,0.0,9.244526619565217,1.420379594340996,5.4197104,9.1582097,12.231103
known_manipulation_labels,edited_spliced;partial_fabrication,rms_mean,46,46,0.0,0.06924258341304347,0.01927372001916225,0.017654095,0.072975174,0.11251421
known_manipulation_labels,edited_spliced;partial_fabrication,rms_std,46,46,0.0,0.04751377689130436,0.013581275975797811,0.025587024,0.0480760355,0.073759228
known_manipulation_labels,edited_spliced;partial_fabrication,rms_min,46,46,0.0,0.00015380032719130435,0.0005824278221867258,6.040977e-06,2.6837044e-05,0.0037930503
known_manipulation_labels,edited_spliced;partial_fabrication,rms_max,46,46,0.0,0.26077646847826086,0.08951374292723312,0.12111355,0.24241162,0.5018422
known_manipulation_labels,edited_spliced;partial_fabrication,peak_amplitude,46,46,0.0,0.7532931402173915,0.18071140882738057,0.4120549,0.76378283,1.2477136
known_manipulation_labels,edited_spliced;partial_fabrication,mean_amplitude,46,46,0.0,0.05000548332608695,0.014038240510885308,0.012760091,0.0521547435,0.081438792
known_manipulation_labels,edited_spliced;partial_fabrication,std_amplitude,46,46,0.0,0.08424084797826085,0.02264957849846273,0.031737938,0.08703738,0.13120332
known_manipulation_labels,edited_spliced;partial_fabrication,dc_offset,46,46,0.0,-9.71126862826087e-06,0.00010530257191808287,-0.0004537461,-3.3409641e-06,0.00026503308
known_manipulation_labels,edited_spliced;partial_fabrication,zero_crossing_rate_mean,46,46,0.0,0.12825266228260868,0.018682137779697492,0.097927761,0.12852806,0.16785359
known_manipulation_labels,edited_spliced;partial_fabrication,zero_crossing_rate_std,46,46,0.0,0.11197754713043477,0.02073699553343414,0.06900654,0.11750770499999999,0.14093482
known_manipulation_labels,edited_spliced;partial_fabrication,clipping_ratio,46,46,0.0,1.225848345652174e-06,3.941634014395547e-06,0.0,0.0,1.9768545e-05
known_manipulation_labels,edited_spliced;partial_fabrication,silence_ratio,46,46,0.0,0.019982098640652174,0.0380697457102239,0.0,0.00408231035,0.19908046
known_manipulation_labels,edited_spliced;partial_fabrication,active_audio_ratio,46,46,0.0,0.9800179015217391,0.03806974601664051,0.80091954,0.99591769,1.0
known_manipulation_labels,edited_spliced;partial_fabrication,spectral_centroid_mean,46,46,0.0,1710.9197108695653,211.51783852964607,1289.4223,1716.6497,2142.6557
known_manipulation_labels,edited_spliced;partial_fabrication,spectral_centroid_std,46,46,0.0,1021.7492763043479,180.7763884879205,626.41695,1053.4072999999999,1312.0454
known_manipulation_labels,edited_spliced;partial_fabrication,spectral_bandwidth_mean,46,46,0.0,1599.3755630434778,151.5322182287675,1259.0883,1605.37095,1937.5867
known_manipulation_labels,edited_spliced;partial_fabrication,spectral_bandwidth_std,46,46,0.0,467.8852778260869,65.98408837277653,334.97011,468.6627,588.36846
known_manipulation_labels,edited_spliced;partial_fabrication,spectral_rolloff_mean,46,46,0.0,3261.3131869565223,413.67403318244374,2378.9997,3256.8924500000003,4087.9006
known_manipulation_labels,edited_spliced;partial_fabrication,spectral_rolloff_std,46,46,0.0,1733.2099391304346,217.3226556841902,1190.6925,1769.9211500000001,2135.1683
known_manipulation_labels,edited_spliced;partial_fabrication,spectral_flatness_mean,46,46,0.0,0.026209484173913045,0.009387045720146819,0.010863357,0.0230635035,0.049741641
known_manipulation_labels,edited_spliced;partial_fabrication,spectral_flatness_std,46,46,0.0,0.045407286478260867,0.010764978574920139,0.025627876,0.0436884085,0.067940558
known_manipulation_labels,edited_spliced;partial_fabrication,spectral_contrast_mean,46,46,0.0,23.560326239130433,0.9978722579225188,21.297622,23.589388,25.728302
known_manipulation_labels,edited_spliced;partial_fabrication,spectral_contrast_std,46,46,0.0,2.8503137413043476,0.44718252421183585,1.7991077,2.819963,3.615486
known_manipulation_labels,edited_spliced;partial_fabrication,low_band_energy_ratio,46,46,0.0,0.4806979365217392,0.13595447256708176,0.20330173,0.481623415,0.75545283
known_manipulation_labels,edited_spliced;partial_fabrication,mid_band_energy_ratio,46,46,0.0,0.4893004610869566,0.14540052779101384,0.19934394,0.48265329,0.77022536
known_manipulation_labels,edited_spliced;partial_fabrication,high_band_energy_ratio,46,46,0.0,0.03000160150434782,0.019528539488698662,0.0019222265,0.026056873,0.082845067
known_manipulation_labels,edited_spliced;partial_fabrication,very_high_band_energy_ratio,0,46,100.0,,,,,
known_manipulation_labels,edited_spliced;partial_fabrication,noise_floor_proxy,46,46,0.0,0.007258763602391305,0.0075013520345354944,6.5301334e-05,0.005070770400000001,0.030189436
known_manipulation_labels,edited_spliced;partial_fabrication,snr_proxy,46,46,0.0,221.4283498521739,545.7778791092062,4.2239308,23.575581,2544.0926
known_manipulation_labels,edited_spliced;partial_fabrication,dynamic_range_proxy,46,46,0.0,0.2606226678260869,0.08928719478858374,0.1211075,0.24239276999999998,0.49804914
known_manipulation_labels,edited_spliced;partial_fabrication,spectral_entropy_mean,46,46,0.0,3.576285789130435,0.25036317749346115,3.093994,3.5609555000000004,4.0667566
known_manipulation_labels,edited_spliced;partial_fabrication,spectral_entropy_std,46,46,0.0,1.0950473502173912,0.1196052285605354,0.87721674,1.1064017000000002,1.3507552
known_manipulation_labels,edited_spliced;partial_fabrication,high_freq_rolloff_ratio,46,46,0.0,0.40766414869565226,0.05170925493538521,0.29737496,0.407111565,0.51098757
known_manipulation_labels,edited_spliced;partial_fabrication,bandwidth_occupied_95,46,46,0.0,0.25753651493478263,0.14119297327867178,0.076171875,0.236816405,0.71630859
known_manipulation_labels,edited_spliced;partial_fabrication,mfcc_1_mean,46,46,0.0,-256.449085,49.28921192393811,-467.20757,-259.1198,-157.23858
known_manipulation_labels,edited_spliced;partial_fabrication,mfcc_1_std,46,46,0.0,105.7031229782609,28.388542588795335,62.269145,101.5790245,170.66291
known_manipulation_labels,edited_spliced;partial_fabrication,mfcc_2_mean,46,46,0.0,90.28228836956524,17.51800066804975,60.686487,87.4037515,125.22824
known_manipulation_labels,edited_spliced;partial_fabrication,mfcc_2_std,46,46,0.0,56.33437458695652,12.404230241402027,26.316857,56.051693,80.922295
known_manipulation_labels,edited_spliced;partial_fabrication,mfcc_3_mean,46,46,0.0,-0.29310650978260855,12.60974376490988,-32.512104,-1.9224449,31.298221
known_manipulation_labels,edited_spliced;partial_fabrication,mfcc_3_std,46,46,0.0,31.936919956521745,5.940952429186268,20.99301,32.9689355,44.200403
known_manipulation_labels,edited_spliced;partial_fabrication,mfcc_4_mean,46,46,0.0,23.052341791304347,8.171830088942931,6.4526754,22.5807795,43.058535
known_manipulation_labels,edited_spliced;partial_fabrication,mfcc_4_std,46,46,0.0,28.414034347826085,4.714660477656454,17.01167,29.264277,39.729149
known_manipulation_labels,edited_spliced;partial_fabrication,mfcc_5_mean,46,46,0.0,1.6668591717391303,13.7607479240281,-37.414584,1.808295105,28.814109
known_manipulation_labels,edited_spliced;partial_fabrication,mfcc_5_std,46,46,0.0,23.23169652173913,5.6877456630015395,12.073657,22.782528499999998,38.892261
known_manipulation_labels,edited_spliced;partial_fabrication,mfcc_6_mean,46,46,0.0,-7.781301280217393,7.700288342767751,-31.254023,-6.15658265,13.182259
known_manipulation_labels,edited_spliced;partial_fabrication,mfcc_6_std,46,46,0.0,17.79816517826087,3.0446459562934893,9.4292022,18.5504885,23.076534
known_manipulation_labels,edited_spliced;partial_fabrication,mfcc_7_mean,46,46,0.0,-7.295015841347826,7.341337763393931,-25.043614,-6.11716265,2.7691378
known_manipulation_labels,edited_spliced;partial_fabrication,mfcc_7_std,46,46,0.0,15.603147491304348,2.4258836957892456,9.7346416,15.567878499999999,21.921232
known_manipulation_labels,edited_spliced;partial_fabrication,mfcc_8_mean,46,46,0.0,-8.808527612173915,6.483049753980141,-22.551782,-8.922513299999999,5.1566861
known_manipulation_labels,edited_spliced;partial_fabrication,mfcc_8_std,46,46,0.0,14.902078760869566,2.1116159500318044,10.889819,15.0464335,20.199266
known_manipulation_labels,edited_spliced;partial_fabrication,mfcc_9_mean,46,46,0.0,-7.811847271739128,4.211340699386462,-18.895576,-7.011425,3.2013325
known_manipulation_labels,edited_spliced;partial_fabrication,mfcc_9_std,46,46,0.0,12.70614480652174,1.9135848210214124,8.7319976,12.981230499999999,16.939765
known_manipulation_labels,edited_spliced;partial_fabrication,mfcc_10_mean,46,46,0.0,-7.767444087391306,5.886455968400006,-19.225978,-7.99938285,3.6602081
known_manipulation_labels,edited_spliced;partial_fabrication,mfcc_10_std,46,46,0.0,12.54468735869565,1.7861283734725655,8.342492,12.8625235,16.081357
known_manipulation_labels,edited_spliced;partial_fabrication,mfcc_11_mean,46,46,0.0,-7.44395780021739,4.138046562853409,-13.955705,-7.6379783,1.1725479
known_manipulation_labels,edited_spliced;partial_fabrication,mfcc_11_std,46,46,0.0,10.74973773478261,1.792799548431979,6.729707,10.763837500000001,14.13295
known_manipulation_labels,edited_spliced;partial_fabrication,mfcc_12_mean,46,46,0.0,-4.094555500869565,3.9745223158200007,-13.809215,-4.740194150000001,7.589591
known_manipulation_labels,edited_spliced;partial_fabrication,mfcc_12_std,46,46,0.0,10.036634676086958,1.4000438417314505,7.2593245,9.9146571,14.21127
known_manipulation_labels,edited_spliced;partial_fabrication,mfcc_13_mean,46,46,0.0,-6.598575152608696,4.383762940843744,-17.116668,-6.68969555,2.4786697
known_manipulation_labels,edited_spliced;partial_fabrication,mfcc_13_std,46,46,0.0,9.677583169565219,1.0469841473218429,7.8027475,9.52932675,11.813617
known_manipulation_labels,mixer_channel_processed,rms_mean,46,46,0.0,0.09187847093478262,0.017092171273915355,0.066689439,0.0886816345,0.13272694
known_manipulation_labels,mixer_channel_processed,rms_std,46,46,0.0,0.05591511363043478,0.006873440652150809,0.037801698,0.0562978445,0.069876678
known_manipulation_labels,mixer_channel_processed,rms_min,46,46,0.0,5.4075377804347824e-05,7.999539795428703e-05,1.7299979e-05,2.69635695e-05,0.00039005111
known_manipulation_labels,mixer_channel_processed,rms_max,46,46,0.0,0.2754827980434783,0.038031106322981144,0.17346524,0.27160919,0.35424101
known_manipulation_labels,mixer_channel_processed,peak_amplitude,46,46,0.0,0.6336755680434782,0.04818729069638373,0.50529563,0.6396571950000001,0.7399947
known_manipulation_labels,mixer_channel_processed,mean_amplitude,46,46,0.0,0.0694551834347826,0.013979501434089124,0.048587564,0.06743689,0.1039311
known_manipulation_labels,mixer_channel_processed,std_amplitude,46,46,0.0,0.1080182518695652,0.01559158226389276,0.082475836,0.10227106999999999,0.14870276
known_manipulation_labels,mixer_channel_processed,dc_offset,46,46,0.0,-4.2345281021739125e-05,9.400979563874662e-06,-5.9527234e-05,-4.2396955499999996e-05,-2.0353419e-05
known_manipulation_labels,mixer_channel_processed,zero_crossing_rate_mean,46,46,0.0,0.11957044795652176,0.018991963521496073,0.07676511,0.122803285,0.15184196
known_manipulation_labels,mixer_channel_processed,zero_crossing_rate_std,46,46,0.0,0.06356967667391304,0.0175398713325466,0.030109967,0.0624881985,0.099105323
known_manipulation_labels,mixer_channel_processed,clipping_ratio,46,46,0.0,0.0,0.0,0.0,0.0,0.0
known_manipulation_labels,mixer_channel_processed,silence_ratio,46,46,0.0,0.0006934341302173913,0.0003677883984402907,0.0,0.0006709327850000001,0.0019047619
known_manipulation_labels,mixer_channel_processed,active_audio_ratio,46,46,0.0,0.9993065654347827,0.0003677884562305768,0.99809524,0.999329065,1.0
known_manipulation_labels,mixer_channel_processed,spectral_centroid_mean,46,46,0.0,1551.3288239130432,141.87403087451,1211.0309,1582.6008000000002,1783.0529
known_manipulation_labels,mixer_channel_processed,spectral_centroid_std,46,46,0.0,550.6185997826086,136.78065656750215,315.80537,526.299825,848.86049
known_manipulation_labels,mixer_channel_processed,spectral_bandwidth_mean,46,46,0.0,1534.0809065217393,96.19730173223363,1294.4142,1551.66685,1783.4351
known_manipulation_labels,mixer_channel_processed,spectral_bandwidth_std,46,46,0.0,331.4931706521739,43.55137256945541,245.11917,330.66169,427.62093
known_manipulation_labels,mixer_channel_processed,spectral_rolloff_mean,46,46,0.0,2968.8623391304345,258.58001973558805,2341.0478,3045.93795,3547.9371
known_manipulation_labels,mixer_channel_processed,spectral_rolloff_std,46,46,0.0,1056.6284434782608,219.6777019495811,562.58979,1104.15165,1427.9993
known_manipulation_labels,mixer_channel_processed,spectral_flatness_mean,46,46,0.0,0.017506364832608697,0.007275846098875038,0.0057626771,0.0164213135,0.032295364
known_manipulation_labels,mixer_channel_processed,spectral_flatness_std,46,46,0.0,0.026027603782608696,0.0100023500447065,0.008986141,0.0251341355,0.047672918
known_manipulation_labels,mixer_channel_processed,spectral_contrast_mean,46,46,0.0,24.46088997826087,0.8613851979812902,22.875968,24.5389075,26.330072
known_manipulation_labels,mixer_channel_processed,spectral_contrast_std,46,46,0.0,2.4194244717391302,0.41638826615289015,1.5303966,2.3563121000000002,3.1594001
known_manipulation_labels,mixer_channel_processed,low_band_energy_ratio,46,46,0.0,0.4747618260869565,0.1427657581515344,0.12472861,0.50355173,0.68182334
known_manipulation_labels,mixer_channel_processed,mid_band_energy_ratio,46,46,0.0,0.5061015123913044,0.14255105354111547,0.31509202,0.47961755,0.87208388
known_manipulation_labels,mixer_channel_processed,high_band_energy_ratio,46,46,0.0,0.01913666205869565,0.013002871816775148,0.0010607217,0.0149598185,0.054722468
known_manipulation_labels,mixer_channel_processed,very_high_band_energy_ratio,0,46,100.0,,,,,
known_manipulation_labels,mixer_channel_processed,noise_floor_proxy,46,46,0.0,0.01862063160652174,0.011756442039309022,0.0092096357,0.012865858,0.053264223
known_manipulation_labels,mixer_channel_processed,snr_proxy,46,46,0.0,11.487159789130436,4.584048351356788,3.0360134,13.049978,17.474213
known_manipulation_labels,mixer_channel_processed,dynamic_range_proxy,46,46,0.0,0.2754287217391304,0.03803223916687644,0.17343731,0.271586225,0.35422045
known_manipulation_labels,mixer_channel_processed,spectral_entropy_mean,46,46,0.0,3.61975732826087,0.3620904722641596,2.8494973,3.5682341500000003,4.295775
known_manipulation_labels,mixer_channel_processed,spectral_entropy_std,46,46,0.0,0.9797418165217391,0.12102475445077543,0.67548789,0.978285455,1.2368107
known_manipulation_labels,mixer_channel_processed,high_freq_rolloff_ratio,46,46,0.0,0.37110779195652177,0.03232250130658357,0.29263098,0.380742245,0.44349213
known_manipulation_labels,mixer_channel_processed,bandwidth_occupied_95,46,46,0.0,0.22478982734782604,0.09141152260890709,0.057617188,0.24389648,0.39794922
known_manipulation_labels,mixer_channel_processed,mfcc_1_mean,46,46,0.0,-186.7807610869565,18.012834255719536,-216.42946,-191.210745,-132.6297
known_manipulation_labels,mixer_channel_processed,mfcc_1_std,46,46,0.0,46.81283845652174,9.828801000992225,29.755672,47.861532499999996,64.62035
known_manipulation_labels,mixer_channel_processed,mfcc_2_mean,46,46,0.0,104.06847652173913,8.536699013739039,88.992657,103.351865,123.47971
known_manipulation_labels,mixer_channel_processed,mfcc_2_std,46,46,0.0,31.644348956521732,7.952812270170527,18.276171,30.257043,51.115366
known_manipulation_labels,mixer_channel_processed,mfcc_3_mean,46,46,0.0,-22.558720913043476,8.987405368996408,-38.922954,-21.51289,-10.438046
known_manipulation_labels,mixer_channel_processed,mfcc_3_std,46,46,0.0,19.830962913043482,3.521305902251277,13.486756,20.2058945,27.098466
known_manipulation_labels,mixer_channel_processed,mfcc_4_mean,46,46,0.0,30.283046630434786,7.670970253407572,10.211516,28.6583445,48.469797
known_manipulation_labels,mixer_channel_processed,mfcc_4_std,46,46,0.0,23.74086608695653,4.2843746878302005,11.708763,24.303304,30.913104
known_manipulation_labels,mixer_channel_processed,mfcc_5_mean,46,46,0.0,-4.300485152499999,9.337086779314054,-32.523157,-2.4529594,11.212671
known_manipulation_labels,mixer_channel_processed,mfcc_5_std,46,46,0.0,15.438016926086958,3.53224079892874,7.1842694,16.2556765,23.006575
known_manipulation_labels,mixer_channel_processed,mfcc_6_mean,46,46,0.0,-26.106301369565216,6.748004407173261,-44.169253,-25.4227325,-14.5453
known_manipulation_labels,mixer_channel_processed,mfcc_6_std,46,46,0.0,15.584738810869567,3.553398165984159,7.0970515,16.1597155,23.191459
known_manipulation_labels,mixer_channel_processed,mfcc_7_mean,46,46,0.0,-5.999424450086956,5.842219844293158,-21.045875,-4.94536665,1.7209335
known_manipulation_labels,mixer_channel_processed,mfcc_7_std,46,46,0.0,11.946920347826088,2.148717492585297,7.727353,12.1230645,16.038092
known_manipulation_labels,mixer_channel_processed,mfcc_8_mean,46,46,0.0,-21.46776436956522,5.772904120539884,-38.884605,-21.184158500000002,-11.886165
known_manipulation_labels,mixer_channel_processed,mfcc_8_std,46,46,0.0,10.99490619347826,1.6305059182307726,8.0809369,11.139067,15.278799
known_manipulation_labels,mixer_channel_processed,mfcc_9_mean,46,46,0.0,-5.748054966347825,6.099641203595546,-23.875091,-4.40716385,4.6239398
known_manipulation_labels,mixer_channel_processed,mfcc_9_std,46,46,0.0,10.348508236956521,1.6699515647220582,7.0772951,10.178974,14.284295
known_manipulation_labels,mixer_channel_processed,mfcc_10_mean,46,46,0.0,-17.978216110869564,4.558806516682253,-29.328213,-17.689033000000002,-7.7639441
known_manipulation_labels,mixer_channel_processed,mfcc_10_std,46,46,0.0,9.72513961521739,1.3187447498754508,6.805455,9.648363,12.366428
known_manipulation_labels,mixer_channel_processed,mfcc_11_mean,46,46,0.0,-15.27134155217391,3.9221104004686462,-24.497701,-14.3622995,-8.9874796
known_manipulation_labels,mixer_channel_processed,mfcc_11_std,46,46,0.0,9.38135785652174,1.864056951615047,6.1462183,9.4717935,13.485067
known_manipulation_labels,mixer_channel_processed,mfcc_12_mean,46,46,0.0,-7.9127699634782624,3.926983635352668,-14.445166,-8.0097726,-0.47132022
known_manipulation_labels,mixer_channel_processed,mfcc_12_std,46,46,0.0,8.312782608695652,1.1099918952675543,5.2891209,8.38932675,11.115824
known_manipulation_labels,mixer_channel_processed,mfcc_13_mean,46,46,0.0,-16.852720108695653,3.9731797418287615,-23.494516,-17.072039,-7.4360255
known_manipulation_labels,mixer_channel_processed,mfcc_13_std,46,46,0.0,8.079874817391305,1.1101489977063719,6.0623193,8.0878455,10.61648
known_manipulation_labels,replay_rerecorded,rms_mean,46,46,0.0,0.0672514734347826,0.017035328401309748,0.038471621,0.0610113495,0.11062589
known_manipulation_labels,replay_rerecorded,rms_std,46,46,0.0,0.027698605173913055,0.009772787250189756,0.013861896,0.022891123,0.051922325
known_manipulation_labels,replay_rerecorded,rms_min,46,46,0.0,0.020465890862608697,0.0062275399854552285,3.0248089e-05,0.021017852,0.036216114
known_manipulation_labels,replay_rerecorded,rms_max,46,46,0.0,0.16668996108695655,0.05474040907338231,0.10740673,0.14934981,0.30904034
known_manipulation_labels,replay_rerecorded,peak_amplitude,46,46,0.0,0.5152790219565218,0.06467982857774039,0.36797702,0.51750311,0.68526495
known_manipulation_labels,replay_rerecorded,mean_amplitude,46,46,0.0,0.05142665797826088,0.01366907051745809,0.030196039,0.0460105415,0.086726823
known_manipulation_labels,replay_rerecorded,std_amplitude,46,46,0.0,0.07285804069565219,0.019268570281054748,0.040915297,0.06566345600000001,0.11861953
known_manipulation_labels,replay_rerecorded,dc_offset,46,46,0.0,-5.195192254347826e-05,7.000084417599815e-06,-6.8798297e-05,-5.17775325e-05,-3.7915262e-05
known_manipulation_labels,replay_rerecorded,zero_crossing_rate_mean,46,46,0.0,0.19089719960869564,0.04486722515279257,0.095771702,0.20484737,0.27708478
known_manipulation_labels,replay_rerecorded,zero_crossing_rate_std,46,46,0.0,0.09491190754347825,0.032509999557338076,0.022339043,0.099085747,0.14421451
known_manipulation_labels,replay_rerecorded,clipping_ratio,46,46,0.0,0.0,0.0,0.0,0.0,0.0
known_manipulation_labels,replay_rerecorded,silence_ratio,46,46,0.0,2.701644217391304e-05,0.00012862042108237196,0.0,0.0,0.00067521945
known_manipulation_labels,replay_rerecorded,active_audio_ratio,46,46,0.0,0.9999729834782609,0.00012862077311430627,0.99932478,1.0,1.0
known_manipulation_labels,replay_rerecorded,spectral_centroid_mean,46,46,0.0,2237.264039130435,355.5115897674208,1487.8403,2344.86085,2901.5211
known_manipulation_labels,replay_rerecorded,spectral_centroid_std,46,46,0.0,741.5133284782609,229.49300488516937,193.87884,770.27602,1123.1019
known_manipulation_labels,replay_rerecorded,spectral_bandwidth_mean,46,46,0.0,1846.7181565217395,129.57056840632814,1415.3988,1876.18785,2104.5818
known_manipulation_labels,replay_rerecorded,spectral_bandwidth_std,46,46,0.0,279.9685208695652,45.07674177513311,139.44729,277.79749000000004,383.07268
known_manipulation_labels,replay_rerecorded,spectral_rolloff_mean,46,46,0.0,4282.685380434783,608.3990515491643,2767.7794,4484.6611,5496.7981
known_manipulation_labels,replay_rerecorded,spectral_rolloff_std,46,46,0.0,1133.0916730434783,185.99012358116693,548.62942,1144.1344,1467.2761
known_manipulation_labels,replay_rerecorded,spectral_flatness_mean,46,46,0.0,0.053196607739130444,0.018866237805284063,0.013056708,0.054887922500000005,0.084002348
known_manipulation_labels,replay_rerecorded,spectral_flatness_std,46,46,0.0,0.04123916586956522,0.011002547274890482,0.014514503,0.040464974,0.061424614
known_manipulation_labels,replay_rerecorded,spectral_contrast_mean,46,46,0.0,22.203438239130435,0.67836804616993,21.182255,22.0343295,24.581984
known_manipulation_labels,replay_rerecorded,spectral_contrast_std,46,46,0.0,1.5419668499999999,0.2292886485620145,1.2300761,1.5139429500000001,2.352399
known_manipulation_labels,replay_rerecorded,low_band_energy_ratio,46,46,0.0,0.08210420736956522,0.11561440436266482,0.020898923,0.059733015,0.66930623
known_manipulation_labels,replay_rerecorded,mid_band_energy_ratio,46,46,0.0,0.7403276352173913,0.1630689459130368,0.32342519,0.74254988,0.95652348
known_manipulation_labels,replay_rerecorded,high_band_energy_ratio,46,46,0.0,0.17756815729565217,0.1377159517489331,0.0068470291,0.16175664,0.42401452
known_manipulation_labels,replay_rerecorded,very_high_band_energy_ratio,0,46,100.0,,,,,
known_manipulation_labels,replay_rerecorded,noise_floor_proxy,46,46,0.0,0.03280027230434782,0.007735398590509258,0.016426139,0.0299403835,0.057283163
known_manipulation_labels,replay_rerecorded,snr_proxy,46,46,0.0,3.2789318239130427,1.0849482548411016,2.0925825,2.9550615000000002,9.1641967
known_manipulation_labels,replay_rerecorded,dynamic_range_proxy,46,46,0.0,0.1462240696521739,0.05590991602512818,0.084127486,0.126919185,0.30884632
known_manipulation_labels,replay_rerecorded,spectral_entropy_mean,46,46,0.0,4.54910775652174,0.47866685216953403,3.4278188,4.6706827,5.1377983
known_manipulation_labels,replay_rerecorded,spectral_entropy_std,46,46,0.0,0.7364788226086957,0.18210748348232314,0.47317399,0.683197335,1.18847
known_manipulation_labels,replay_rerecorded,high_freq_rolloff_ratio,46,46,0.0,0.535335672173913,0.07604988134259774,0.34597242,0.56058264,0.68709976
known_manipulation_labels,replay_rerecorded,bandwidth_occupied_95,46,46,0.0,0.5976562491304349,0.25740319909644394,0.12548828,0.7351074200000001,0.87890625
known_manipulation_labels,replay_rerecorded,mfcc_1_mean,46,46,0.0,-123.48663652173914,15.360146368646301,-182.84702,-124.11336,-83.571447
known_manipulation_labels,replay_rerecorded,mfcc_1_std,46,46,0.0,25.431608891304347,6.2331028617979065,12.826157,26.061191,42.94944
known_manipulation_labels,replay_rerecorded,mfcc_2_mean,46,46,0.0,71.70645073913042,14.967897386092675,47.490559,66.20292599999999,107.50067
known_manipulation_labels,replay_rerecorded,mfcc_2_std,46,46,0.0,27.86687816956521,9.481935048434524,9.7159998,27.337045000000003,46.577114
known_manipulation_labels,replay_rerecorded,mfcc_3_mean,46,46,0.0,-19.6272300173913,7.505956739948107,-35.349215,-19.397871000000002,-7.0309
known_manipulation_labels,replay_rerecorded,mfcc_3_std,46,46,0.0,19.849742921739132,5.2744552061418055,8.2389884,21.463222000000002,27.625408
known_manipulation_labels,replay_rerecorded,mfcc_4_mean,46,46,0.0,0.4201442257173912,9.02851026191841,-13.342414,-0.50027567,41.913953
known_manipulation_labels,replay_rerecorded,mfcc_4_std,46,46,0.0,15.213028232608698,3.2359313634116584,6.7694813,15.0938765,23.175686
known_manipulation_labels,replay_rerecorded,mfcc_5_mean,46,46,0.0,-14.90159278195652,7.560297366313741,-36.37155,-15.0241965,2.0557796
known_manipulation_labels,replay_rerecorded,mfcc_5_std,46,46,0.0,11.787483793478259,2.9056458555323066,6.2529932,10.8389425,18.759681
known_manipulation_labels,replay_rerecorded,mfcc_6_mean,46,46,0.0,-12.288444771739131,5.23034604175812,-23.289214,-12.2500915,-3.2153522
known_manipulation_labels,replay_rerecorded,mfcc_6_std,46,46,0.0,10.265679789130436,2.0183439816710056,5.1114742,10.336789,13.846983
known_manipulation_labels,replay_rerecorded,mfcc_7_mean,46,46,0.0,-22.827646717391303,4.6005016340861005,-33.123797,-22.135223500000002,-10.235248
known_manipulation_labels,replay_rerecorded,mfcc_7_std,46,46,0.0,9.45240863695652,1.4677868404117103,6.4502188,9.55107435,14.457525
known_manipulation_labels,replay_rerecorded,mfcc_8_mean,46,46,0.0,-12.060718147826087,4.361202819348317,-24.490712,-11.6918995,-3.3437656
known_manipulation_labels,replay_rerecorded,mfcc_8_std,46,46,0.0,9.28228067173913,1.787130204439017,5.6767954,8.92229095,12.905828
known_manipulation_labels,replay_rerecorded,mfcc_9_mean,46,46,0.0,-18.342841867391307,4.1696632608433495,-25.563544,-19.380208500000002,-2.3166442
known_manipulation_labels,replay_rerecorded,mfcc_9_std,46,46,0.0,8.181107230434781,1.1264235523594905,6.3343289,8.13677835,10.727963
known_manipulation_labels,replay_rerecorded,mfcc_10_mean,46,46,0.0,-6.41546536847826,4.206885204739094,-19.707927,-6.1747096500000005,1.1941082
known_manipulation_labels,replay_rerecorded,mfcc_10_std,46,46,0.0,7.850955965217391,1.2551707283573152,5.6137251,7.7658974999999995,11.051925
known_manipulation_labels,replay_rerecorded,mfcc_11_mean,46,46,0.0,-15.197665999999996,3.6627486332887536,-22.654911,-15.47346,-7.9660646
known_manipulation_labels,replay_rerecorded,mfcc_11_std,46,46,0.0,7.220540760869565,1.2458912042941344,4.8258875,7.1238657,9.9891979
known_manipulation_labels,replay_rerecorded,mfcc_12_mean,46,46,0.0,-3.2626418969565223,3.1049949790027873,-9.5358094,-3.3302151,2.7974776
known_manipulation_labels,replay_rerecorded,mfcc_12_std,46,46,0.0,6.803653491304346,1.34675662199915,4.7210804,6.78450325,9.6687376
known_manipulation_labels,replay_rerecorded,mfcc_13_mean,46,46,0.0,-14.673790039130436,3.2494224496452175,-25.820308,-14.270833,-8.2388928
known_manipulation_labels,replay_rerecorded,mfcc_13_std,46,46,0.0,6.31332297826087,0.774493190253103,4.4411736,6.2789152999999995,7.9877824
